1
2
3
3
4
7
9
21
32
39
44
47
55
65
72
73
75
76
82
84
93
96
97
97
115
117
123
123
132
134
134
137
140
145
167
180
184
188
194
206
209
210
211
218
221
223
226
227
228
235
235
235
236
240
248
250
252
259
261
262
262
263
264
265
268
271
271
279
286
294
294
297
301
307
307
309
312
321
332
335
339
341
355
357
367
367
368
368
377
388
395
401
402
404
408
413
416
417
432
442
456
459
463
464
464
478
482
483
493
495
498
501
510
519
521
526
536
546
548
550
554
557
559
561
574
575
579
583
587
588
591
591
595
595
596
610
611
614
616
618
619
621
626
628
637
642
651
651
654
657
658
665
678
682
683
691
703
704
705
707
707
724
725
728
733
734
740
744
745
746
747
747
747
756
761
762
769
778
789
793
796
797
799
803
805
806
807
810
813
817
824
826
857
860
864
870
878
880
892
892
894
907
909
913
918
920
920
926
929
933
934
935
939
939
951
952
955
964
966
980
990
992
998
1001
1003
1008
1008
1015
1019
1028
1029
1030
1033
1041
1045
1047
1049
1050
1053
1055
1059
1060
1062
1068
1069
1077
1079
1082
1085
1085
1086
1090
1091
1091
1094
1096
1097
1102
1105
1113
1116
1117
1126
1131
1133
1137
1140
1143
1149
1159
1159
1161
1163
1163
1163
1165
1166
1167
1176
1178
1178
1181
1182
1192
1194
1198
1200
1206
1208
1209
1210
1212
1215
1223
1224
1225
1230
1230
1237
1241
1243
1246
1251
1252
1254
1255
1257
1257
1258
1260
1260
1263
1265
1266
1272
1273
1279
1283
1303
1312
1322
1324
1325
1329
1329
1330
1343
1355
1357
1357
1366
1368
1368
1375
1380
1380
1382
1394
1396
1399
1401
1409
1411
1413
1418
1419
1425
1426
1429
1431
1432
1433
1438
1441
1442
1448
1449
1451
1463
1467
1467
1467
1475
1477
1479
1483
1487
1491
1492
1493
1496
1498
1500
1501
1503
1509
1519
1525
1528
1533
1534
1542
1544
1545
1545
1549
1550
1553
1557
1559
1563
1569
1569
1574
1574
1574
1580
1588
1592
1599
1602
1604
1606
1612
1630
1634
1640
1641
1643
1644
1645
1648
1649
1653
1657
1659
1661
1664
1674
1688
1691
1695
1698
1703
1709
1719
1737
1745
1746
1749
1749
1750
1752
1759
1761
1764
1764
1765
1769
1771
1772
1773
1779
1780
1783
1783
1785
1795
1795
1801
1804
1805
1805
1810
1810
1811
1815
1817
1819
1821
1821
1822
1825
1827
1833
1836
1841
1847
1856
1858
1858
1864
1868
1869
1876
1878
1880
1888
1890
1894
1897
1900
1901
1905
1907
1909
1911
1912
1913
1926
1929
1930
1931
1931
1934
1935
1946
1949
1953
1956
1963
1965
1967
1972
1988
1990
1992
1994
1998
2000
