1
1
2
3
4
4
4
5
5
6
8
8
8
9
9
10
10
10
11
11
11
13
13
13
14
14
15
16
16
17
17
17
17
18
18
19
19
19
20
20
21
21
21
21
21
22
22
23
23
25
25
26
26
26
26
28
28
29
30
31
31
31
31
31
31
32
33
34
34
35
35
35
35
36
37
38
39
40
42
43
43
43
44
44
45
45
46
46
46
47
47
48
48
49
50
50
54
55
55
56
56
57
58
59
59
60
61
61
62
63
64
64
65
65
66
66
67
67
71
72
73
73
73
75
76
76
76
77
78
80
80
81
81
82
82
83
83
84
84
84
85
85
85
86
86
86
86
86
87
87
88
88
88
90
91
92
92
93
94
94
95
96
97
97
98
98
99
99
100
100
101
101
102
102
102
102
102
103
103
103
103
103
103
104
105
106
106
109
109
109
109
111
111
111
113
114
114
115
116
117
117
117
118
119
119
119
119
119
120
120
121
122
122
123
123
123
124
126
126
128
128
128
129
129
130
130
131
131
131
131
132
132
133
134
134
134
135
135
136
136
137
138
139
139
140
141
142
142
142
144
144
145
146
147
147
148
148
150
150
150
150
151
152
152
152
153
154
155
156
156
157
157
158
158
158
159
160
160
160
161
162
162
163
164
165
165
165
165
166
166
167
168
169
169
170
170
170
171
171
171
173
174
175
175
176
177
177
177
177
177
177
178
178
179
180
180
180
180
181
181
181
182
182
182
182
183
184
184
184
186
186
187
187
188
188
188
189
190
190
191
192
192
192
192
193
193
194
194
195
195
196
197
198
199
199
200
201
201
202
202
202
202
203
204
204
204
205
207
207
208
208
209
209
209
210
211
213
214
215
215
215
216
216
216
217
217
218
218
219
219
222
223
226
226
227
228
228
230
231
231
233
235
236
236
237
238
238
239
239
240
241
241
242
242
242
243
243
243
244
245
246
246
248
248
249
249
250
251
251
251
252
252
254
254
254
254
256
258
259
259
260
260
260
261
261
261
261
262
263
264
265
265
267
267
267
268
268
269
269
269
269
269
269
270
272
272
272
272
272
273
273
273
274
274
276
276
276
277
277
279
279
280
282
282
283
283
284
284
285
286
286
287
288
288
288
289
290
290
291
291
292
292
292
293
293
294
296
298
298
299
