1
1
3
3
4
5
5
10
16
16
17
19
20
23
24
25
26
27
34
34
35
35
36
36
37
38
41
43
45
47
47
47
49
50
54
59
69
71
73
73
75
79
84
84
85
86
90
94
95
97
98
99
100
101
103
103
106
108
109
113
115
117
117
120
121
124
127
129
130
134
136
138
141
143
143
143
143
144
148
151
154
156
158
162
162
162
166
170
171
172
173
173
178
180
181
182
183
184
184
186
188
190
191
191
195
197
198
198
199
206
213
214
215
215
216
217
220
222
223
223
225
227
228
229
230
231
242
242
243
246
249
250
257
257
267
267
271
274
284
285
287
288
294
296
296
297
299
300
302
306
306
307
310
313
313
313
315
321
322
325
329
336
341
343
343
351
352
354
360
361
365
369
373
379
381
382
384
387
390
390
391
395
398
399
399
399
403
404
407
409
410
410
411
413
414
415
416
419
422
424
425
427
428
429
430
430
431
434
437
437
442
443
443
447
447
455
455
457
458
460
463
466
468
470
471
478
480
482
483
485
488
489
489
492
492
493
495
495
496
498
503
506
506
511
513
515
516
522
522
524
529
531
532
533
537
540
542
542
542
548
560
562
565
566
567
568
569
571
572
573
578
578
581
581
584
585
585
586
589
589
590
590
594
597
599
600
604
606
609
610
610
611
611
612
612
612
613
613
614
615
617
617
622
624
624
626
637
638
650
650
650
651
654
654
654
655
656
656
661
663
663
670
674
676
677
677
678
679
681
681
684
684
685
690
692
693
693
694
694
695
695
698
698
703
708
710
711
711
712
723
724
726
726
727
730
730
736
736
737
737
737
738
742
744
744
744
745
746
747
749
750
750
753
759
759
763
763
764
764
768
772
772
772
772
774
774
776
777
779
784
786
786
787
789
789
790
791
798
800
802
802
802
803
803
803
805
806
807
807
813
813
813
819
822
825
826
828
830
830
833
833
833
833
834
836
838
839
841
844
845
847
851
852
852
856
857
859
860
866
867
869
871
874
881
882
883
883
885
885
885
888
888
889
890
896
896
896
901
902
903
904
909
912
913
914
916
916
918
928
930
930
934
934
935
935
937
944
944
950
950
952
953
954
957
960
961
962
963
969
969
974
974
980
982
989
991
992
993
995
999
1305
1309
1310
1313
1314
1320
1321
1322
1326
1326
1327
1327
1329
1329
1330
1331
1334
1338
1339
1341
1341
1343
1343
1345
1352
1354
1356
1356
1358
1360
1360
1360
1362
1365
1365
1367
1369
1372
1375
1377
1377
1378
1380
1382
1382
1383
1387
1389
1390
1391
1391
1391
1391
1392
1392
1392
1395
1395
1399
1399
1404
1405
1406
1408
1408
1409
1411
1415
1417
1417
1418
1418
1421
1421
1421
1423
1424
1427
1428
1428
1431
1431
1433
1434
1435
1437
1437
1438
1444
1444
1445
1449
1451
1456
1456
1457
1459
1461
1462
1462
1464
1464
1464
1464
1464
1465
1467
1473
1474
1475
1477
1478
1479
1479
1483
1484
1485
1485
1487
1487
1493
1497
1498
1499
1502
1503
1506
1507
1507
1509
1511
1512
1513
1514
1518
1519
1520
1522
1522
1522
1523
1524
1524
1525
1531
1533
1534
1538
1539
1539
1541
1542
1545
1545
1546
1547
1547
1548
1550
1550
1553
1554
1555
1555
1555
1556
1556
1557
1559
1560
1563
1564
1565
1566
1567
1568
1570
1571
1572
1572
1573
1574
1575
1575
1577
1577
1578
1580
1580
1581
1581
1584
1585
1587
1587
1592
1593
1595
1595
1596
1596
1600
1602
1603
1608
1609
1610
1613
1614
1616
1619
1621
1624
1625
1625
1626
1627
1627
1629
1632
1632
1633
1634
1634
1634
1637
1637
1638
1638
1638
1640
1641
1641
1641
1641
1642
1642
1642
1643
1644
1645
1646
1646
1646
1648
1648
1649
1650
1651
1652
1654
1654
1658
1659
1660
1661
1661
1662
1662
1662
1663
1663
1665
1665
1667
1667
1669
1669
1671
1671
1671
1672
1673
1676
1679
1680
1680
1682
1682
1682
1682
1683
1685
1686
1687
1687
1688
1689
1691
1696
1697
1697
1697
1699
1699
1707
1707
1709
1714
1715
1715
1715
1716
1720
1723
1725
1728
1731
1732
1736
1736
1737
1738
1738
1740
1741
1746
1747
1748
1748
1749
1750
1751
1752
1753
1755
1756
1757
1757
1757
1757
1760
1761
1761
1761
1762
1762
1763
1764
1766
1767
1767
1770
1771
1771
1771
1778
1780
1782
1783
1785
1785
1786
1789
1789
1790
1791
1791
1792
1793
1793
1794
1797
1799
1799
1799
1800
1802
1802
1804
1805
1807
1807
1807
1809
1809
1810
1810
1811
1812
1812
1815
1817
1817
1818
1819
1819
1821
1821
1821
1826
1830
1831
1832
1832
1832
1833
1833
1838
1838
1840
1840
1841
1843
1852
1853
1855
1856
1860
1860
1867
1869
1870
1874
1876
1876
1879
1881
1883
1887
1887
1887
1888
1889
1891
1892
1895
1896
1898
1899
1899
1900
1901
1901
1903
1908
1908
1909
1910
1910
1911
1911
1913
1916
1919
1920
1921
1922
1922
1923
1924
1924
1925
1925
1926
1929
1933
1937
1940
1940
1941
1941
1946
1947
1949
1950
1952
1952
1953
1957
1957
1959
1962
1962
1967
1967
1967
1968
1969
1970
1971
1972
1974
1976
1976
1980
1983
1983
1985
1985
1986
1987
1988
1989
1990
1990
1993
1997
1998
2000
