5
18
18
18
21
21
37
38
39
49
50
69
74
75
77
84
84
95
95
95
99
99
107
108
108
125
129
132
135
162
165
170
183
201
205
211
214
219
223
230
231
231
247
247
256
262
273
275
276
277
278
286
288
327
331
336
342
354
364
373
376
392
407
427
427
440
447
449
455
460
470
475
479
479
479
486
489
490
501
502
513
513
514
516
522
524
531
547
552
563
576
581
588
588
594
607
607
609
617
621
621
622
637
650
654
657
664
671
673
680
721
723
726
746
750
755
755
762
773
779
787
795
799
800
806
809
815
816
826
838
855
858
867
870
871
877
881
888
889
901
919
932
933
933
950
952
959
960
964
977
981
982
983
983
985
993
1032
1035
1036
1037
1038
1056
1069
1071
1072
1077
1078
1092
1095
1101
1102
1103
1107
1134
1154
1154
1179
1184
1190
1193
1209
1221
1223
1230
1249
1257
1265
1280
1284
1289
1290
1312
1317
1320
1328
1336
1340
1347
1348
1350
1360
1368
1375
1378
1388
1389
1399
1403
1409
1422
1437
1442
1446
1447
1465
1468
1468
1478
1488
1495
1499
1515
1517
1522
1522
1522
1543
1546
1546
1561
1564
1564
1573
1575
1576
1576
1585
1598
1598
1601
1606
1612
1616
1627
1635
1636
1637
1653
1654
1662
1663
1663
1673
1682
1685
1715
1715
1715
1719
1727
1733
1737
1739
1740
1743
1746
1755
1759
1778
1786
1798
1809
1813
1814
1839
1847
1854
1864
1865
1865
1868
1868
1875
1877
1887
1890
1897
1899
1932
1941
1945
1945
1948
1954
1956
1962
1966
1976
1979
1981
