4
5
7
10
21
27
28
37
40
41
42
48
52
53
58
61
74
75
77
82
82
86
87
95
108
111
114
114
115
116
125
128
131
138
147
153
158
158
161
164
169
170
171
172
173
174
180
188
189
192
192
194
195
195
196
197
200
204
204
204
205
207
208
214
215
217
220
220
221
221
224
224
226
227
228
229
232
233
235
237
239
240
242
245
250
250
251
253
257
266
268
281
282
282
283
283
294
298
300
301
317
322
325
326
328
330
335
335
341
345
348
353
356
357
357
358
359
363
370
376
378
378
383
384
391
392
398
399
403
410
411
416
418
426
427
427
431
437
438
444
448
451
453
454
459
461
463
467
468
471
478
478
492
493
495
497
499
503
507
508
509
512
519
520
522
523
524
526
527
527
528
530
531
532
533
534
535
537
537
538
541
541
543
543
546
547
549
553
555
556
558
559
559
561
564
566
571
573
577
577
578
579
580
583
584
584
589
590
593
595
595
597
602
602
604
606
608
608
611
613
614
618
618
620
622
623
626
627
633
634
635
636
636
639
642
642
644
646
647
649
649
649
650
653
654
654
656
656
656
657
658
659
660
661
662
663
669
671
674
674
674
678
678
678
679
684
684
686
688
691
692
695
697
699
701
704
708
708
709
709
710
710
711
713
715
716
718
720
721
723
723
723
726
726
728
729
730
731
731
733
734
736
737
738
738
740
740
746
748
749
753
754
757
760
762
762
763
766
767
773
775
778
781
781
786
787
788
790
791
792
801
801
801
804
807
808
809
810
812
813
820
822
822
826
829
830
831
831
835
840
841
841
842
844
845
846
847
848
851
851
853
854
854
855
858
858
861
861
862
864
864
870
870
870
871
871
872
873
875
876
877
877
879
882
882
884
886
887
887
890
892
893
894
894
895
895
898
899
899
902
903
913
914
914
914
915
917
919
919
919
919
922
923
926
928
930
930
933
934
936
937
943
944
946
946
946
948
949
951
952
954
955
956
958
959
960
960
961
963
964
964
965
966
970
970
971
973
974
977
977
977
980
982
986
986
987
987
988
991
991
992
992
994
994
996
1002
1003
1005
1005
1009
1009
1011
1012
1013
1015
1015
1016
1016
1016
1017
1017
1018
1020
1022
1023
1026
1026
1026
1031
1036
1036
1037
1039
1040
1041
1042
1045
1046
1049
1055
1056
1059
1067
1068
1070
1070
1070
1071
1073
1074
1080
1081
1084
1091
1094
1096
1098
1099
1100
1102
1102
1103
1109
1109
1114
1115
1117
1118
1118
1120
1121
1121
1124
1127
1128
1128
1134
1134
1136
1140
1140
1143
1148
1150
1150
1152
1152
1154
1155
1155
1158
1160
1160
1161
1163
1165
1168
1168
1169
1173
1175
1179
1180
1182
1185
1186
1187
1191
1191
1191
1191
1193
1194
1194
1200
1200
1202
1207
1210
1212
1212
1212
1216
1216
1217
1219
1220
1222
1223
1225
1226
1227
1228
1229
1231
1232
1234
1237
1237
1238
1240
1241
1244
1245
1247
1248
1249
1252
1254
1255
1257
1258
1260
1261
1261
1262
1263
1265
1268
1270
1271
1272
1273
1274
1274
1276
1276
1279
1281
1281
1283
1287
1287
1289
1291
1292
1294
1298
1299
1299
1306
1308
1309
1309
1314
1316
1317
1318
1321
1324
1325
1325
1332
1337
1343
1344
1344
1346
1348
1349
1351
1355
1357
1359
1360
1360
1361
1364
1364
1366
1371
1375
1378
1380
1381
1382
1383
1384
1385
1388
1392
1393
1399
1399
1399
1400
1402
1402
1405
1408
1409
1411
1413
1414
1414
1419
1426
1427
1428
1429
1430
1430
1432
1432
1433
1434
1434
1436
1439
1441
1441
1441
1442
1442
1444
1445
1445
1446
1448
1448
1456
1457
1458
1458
1459
1461
1463
1465
1466
1469
1470
1472
1475
1483
1488
1489
1489
1492
1492
1493
1494
1495
1495
1496
1498
1499
1500
1502
1503
1505
1510
1510
1511
1513
1517
1518
1519
1520
1521
1524
1524
1525
1527
1528
1528
1529
1531
1533
1538
1539
1540
1541
1542
1542
1543
1544
1544
1550
1550
1554
1555
1556
1557
1558
1560
1563
1564
1564
1567
1567
1567
1567
1568
1569
1572
1572
1573
1574
1577
1581
1583
1589
1589
1590
1590
1591
1592
1596
1597
1598
1599
1600
1601
1602
1604
1605
1605
1605
1606
1611
1613
1616
1618
1620
1622
1623
1626
1630
1632
1633
1636
1638
1638
1640
1641
1643
1647
1649
1650
1652
1652
1653
1654
1655
1656
1657
1659
1660
1660
1662
1664
1665
1667
1670
1671
1672
1672
1674
1675
1675
1678
1679
1682
1683
1684
1686
1687
1689
1689
1690
1691
1692
1693
1693
1694
1695
1700
1700
1702
1702
1704
1706
1708
1709
1710
1713
1715
1716
1719
1720
1721
1723
1724
1725
1728
1732
1732
1732
1735
1739
1741
1742
1742
1743
1745
1747
1748
1749
1751
1752
1752
1753
1754
1755
1756
1756
1759
1760
1762
1763
1766
1768
1769
1769
1770
1773
1774
1780
1783
1787
1788
1793
1793
1796
1797
1798
1800
1808
1808
1808
1809
1810
1814
1814
1815
1822
1823
1823
1823
1824
1825
1830
1833
1834
1836
1837
1844
1846
1847
1849
1851
1854
1859
1867
1867
1868
1871
1872
1873
1879
1880
1881
1884
1888
1889
1889
1890
1900
1901
1912
1917
1927
1927
1936
1941
1941
1945
1956
1957
1958
1966
1967
1968
1969
1978
1979
1979
1981
1987
1993
