4
13
15
18
21
21
24
25
27
27
27
28
35
36
38
39
40
43
55
58
58
63
66
66
68
73
76
80
84
84
86
90
92
97
103
104
108
108
111
116
121
122
122
122
125
130
130
130
134
134
135
136
136
136
141
142
143
145
148
149
153
153
156
158
159
165
167
169
173
177
178
181
187
189
192
192
196
197
200
204
206
207
210
210
212
220
221
225
226
226
229
229
231
241
246
247
255
256
257
257
259
261
263
263
268
270
270
271
272
274
277
280
281
285
287
288
288
290
296
297
298
304
306
311
315
334
336
336
338
341
344
345
345
348
351
352
354
358
358
364
365
367
371
372
374
375
376
378
380
385
389
390
394
404
413
414
418
421
421
423
425
427
430
436
437
438
441
447
449
457
459
460
461
462
464
467
471
474
475
476
477
478
479
480
481
484
486
492
498
501
507
509
509
510
510
511
512
512
512
514
516
518
520
521
527
528
530
531
533
535
541
542
543
544
545
548
552
553
554
555
555
557
561
566
566
567
567
568
581
583
583
584
585
586
590
590
592
594
599
601
602
603
604
605
606
617
618
619
621
623
628
629
632
633
636
637
637
645
648
652
652
657
665
667
667
668
672
672
675
677
681
682
689
695
703
706
707
708
711
712
712
723
726
726
728
729
730
733
737
739
740
743
744
745
747
748
748
750
757
757
760
763
765
765
770
770
776
778
781
793
795
795
796
802
802
803
804
805
806
807
808
808
809
810
811
813
813
813
815
816
820
820
820
821
821
822
823
823
825
828
831
831
832
833
834
838
839
840
840
841
843
843
844
845
846
847
850
850
852
852
853
855
855
857
858
861
864
865
867
868
869
872
872
874
875
875
875
876
877
880
880
881
882
883
884
884
884
885
887
887
888
888
888
889
889
892
892
895
896
897
899
902
903
904
905
906
907
907
908
911
912
915
915
915
917
918
919
920
920
921
922
922
923
923
924
926
927
927
928
932
933
936
936
937
938
939
939
940
943
944
945
947
948
949
949
952
952
953
955
955
958
959
960
961
965
966
966
966
967
969
969
970
970
970
970
971
971
974
974
974
975
975
975
977
977
978
980
980
983
983
984
985
986
986
987
987
991
992
992
992
993
994
996
998
998
999
1002
1005
1007
1007
1008
1009
1012
1012
1014
1015
1016
1018
1018
1019
1019
1020
1020
1021
1021
1021
1021
1025
1026
1028
1028
1029
1030
1035
1039
1042
1042
1043
1046
1049
1050
1050
1050
1053
1053
1055
1056
1057
1057
1058
1060
1064
1064
1064
1065
1065
1066
1067
1068
1068
1070
1070
1072
1073
1077
1080
1081
1082
1083
1084
1087
1088
1088
1089
1089
1090
1092
1092
1092
1093
1094
1094
1095
1098
1098
1098
1099
1100
1101
1101
1102
1103
1104
1105
1108
1110
1110
1111
1112
1115
1115
1116
1116
1117
1118
1118
1119
1120
1121
1123
1123
1125
1125
1125
1125
1125
1126
1128
1128
1129
1132
1132
1132
1134
1137
1140
1140
1141
1141
1142
1143
1143
1144
1146
1148
1148
1150
1150
1153
1154
1154
1155
1159
1160
1161
1164
1165
1169
1169
1171
1171
1172
1175
1176
1176
1178
1179
1181
1181
1181
1181
1182
1182
1186
1189
1195
1196
1196
1197
1199
1199
1199
1200
1200
1202
1204
1207
1208
1213
1216
1220
1221
1222
1227
1227
1228
1229
1237
1244
1246
1247
1252
1252
1257
1268
1268
1269
1270
1275
1276
1276
1277
1277
1278
1278
1286
1288
1289
1290
1292
1296
1297
1300
1302
1302
1302
1308
1309
1319
1321
1324
1327
1328
1331
1334
1335
1336
1350
1353
1354
1355
1358
1362
1363
1366
1367
1368
1372
1373
1374
1380
1380
1381
1385
1385
1388
1388
1390
1390
1397
1400
1401
1401
1402
1406
1408
1409
1409
1410
1411
1413
1414
1424
1429
1431
1432
1434
1435
1435
1438
1439
1442
1442
1452
1456
1459
1459
1460
1461
1467
1468
1470
1471
1478
1478
1479
1480
1492
1494
1502
1503
1508
1508
1508
1509
1512
1513
1514
1515
1516
1520
1532
1539
1540
1544
1548
1551
1553
1554
1555
1560
1560
1561
1562
1562
1566
1568
1569
1570
1571
1579
1581
1582
1587
1592
1592
1595
1595
1595
1597
1599
1605
1608
1611
1611
1613
1613
1614
1614
1614
1616
1618
1621
1622
1622
1625
1628
1630
1634
1634
1634
1635
1639
1640
1643
1650
1651
1657
1659
1659
1659
1664
1672
1674
1674
1674
1675
1677
1678
1678
1680
1684
1685
1688
1693
1695
1697
1698
1701
1707
1709
1711
1713
1716
1717
1718
1725
1726
1726
1729
1730
1730
1732
1734
1734
1735
1735
1746
1747
1755
1757
1759
1759
1762
1765
1769
1772
1773
1774
1775
1775
1776
1777
1777
1779
1779
1779
1781
1782
1782
1787
1787
1787
1788
1790
1792
1795
1795
1799
1800
1801
1802
1807
1808
1810
1812
1812
1823
1825
1825
1826
1830
1832
1834
1843
1850
1850
1851
1852
1854
1860
1868
1869
1874
1875
1876
1876
1879
1885
1885
1886
1887
1888
1889
1891
1892
1894
1899
1900
1902
1913
1914
1915
1921
1921
1925
1928
1928
1929
1932
1937
1938
1940
1941
1942
1944
1944
1947
1950
1950
1953
1953
1957
1961
1962
1971
1977
1981
1981
1984
1984
1987
1988
1991
1992
1993
1996
1997
1999
1999
