588
588
588
588
588
588
588
588
588
588
588
589
589
589
589
589
589
589
589
589
589
589
589
589
589
589
589
589
590
590
590
590
590
590
590
590
590
590
590
590
590
590
590
590
590
590
590
590
590
590
590
591
591
591
591
591
591
591
591
591
591
591
591
591
591
592
592
592
592
592
592
592
592
592
592
592
592
592
592
592
592
592
592
593
593
593
593
593
593
593
593
593
593
593
593
593
593
593
593
593
593
593
593
593
593
593
593
593
593
593
593
593
593
593
593
594
594
594
594
594
594
594
594
594
594
594
594
594
594
594
594
594
594
594
594
594
594
594
594
594
594
594
594
594
594
594
594
595
595
595
595
595
595
595
595
595
595
595
595
595
595
595
595
595
595
595
595
595
596
596
596
596
596
596
596
596
596
596
596
596
596
596
596
596
596
596
596
596
596
596
596
596
596
596
597
597
597
597
597
597
597
597
597
597
597
597
597
597
597
597
597
597
597
597
597
597
597
597
597
597
597
597
597
597
597
597
597
597
597
597
598
598
598
598
598
598
598
598
598
598
598
598
598
598
598
598
598
598
598
598
598
598
598
598
598
598
598
598
599
599
599
599
599
599
599
599
599
599
600
600
600
600
600
600
600
600
600
600
601
601
601
601
601
601
601
602
602
602
602
602
602
603
603
603
603
603
603
603
603
603
