57
395499329 20673643
450289376 444211060
245319638 444390923
109958916 194315715
791276477 223286859
59937865 244824750
541463587 626293419
179467284 243818539
170956970 177648229
305924862 158790424
866841781 535376777
326040720 217331599
114198194 641917029
869914461 35784558
389202188 676075517
453096211 771879043
901082552 830470245
70315937 987096628
342558690 470566256
6649446 593016539
733921162 232792379
346458431 847334036
533025943 243766616
578163430 48276404
552035620 52287406
980136530 484855422
740956951 784901632
208870878 608096075
657703648 976346414
713094614 511803024
468554793 9868195
865752844 649779477
448815300 360336396
313920040 883115013
48588098 529276013
841778768 449673296
548846562 117178275
149399289 443339128
5507537 208181829
623779795 14692086
197709487 914767753
910317865 199937468
943828257 784505497
24933363 609295172
757962556 841732011
509821923 83789222
964352248 390863166
157045052 957452472
219229374 466714714
143269662 878237603
972813517 698414692
709445661 188100434
939122914 201579786
369230315 552368439
69137053 392394835
473568005 174261085
72994199 215615588
