42
883710063 758362963
200275333 137667681
590088043 252430350
508861756 467556817
283088666 959541301
620514795 206922494
157854547 90575860
889769646 545686573
643203125 928612828
458587077 41920316
648136138 67888210
851958333 480385200
300274425 904365254
191079119 411498980
307669367 502436635
362486961 632556493
456684962 160235792
275961996 447811929
404228909 424620237
918105526 564066478
428774616 429064304
870662309 32584042
913142153 841364857
827252963 258101955
783710570 809741236
850375279 260626890
880787276 873271324
958955746 190495174
594948096 342627772
964190282 427059999
813143340 700474455
854326539 924825602
235101811 955911064
827158682 663642447
588991297 891884398
169330926 698293723
193421420 816579487
83419231 158731169
724672050 445731482
371326912 782440279
323938284 109154266
674680203 454501077
