51
190035278 762542907
529153139 840456008
65672283 928986992
90694068 311560103
121727007 648871116
936185316 277702817
505236426 356865164
867432865 398738662
508751705 39853719
762104394 638201083
752114325 777190857
962469147 319293281
855735033 663382449
379285662 564331067
910465183 232075952
666492717 340708839
382292519 414051647
94327840 523682061
820991899 430688129
79829942 322955477
273265758 958966461
911365283 37125726
312906462 244643028
109065620 203656608
426045943 168029782
929301006 833145861
541965396 181729041
595896132 48767683
864025613 580918291
686388650 946298916
232325967 918567518
875634860 271370043
855052696 591412
166306205 23152932
457934970 948557030
185281619 954155726
613758259 152727018
986456232 416961839
972243771 956022692
641962571 905252727
724415110 18196013
980941894 824295156
527083851 82952199
195461240 369184769
831836878 947131163
243473588 589382450
255744818 412526165
503828712 854186362
179765304 643996938
948958415 298561179
937877526 456683712
