91
213192973 992763213
560407256 601749107
942059584 819784880
923495487 855132167
661309791 385885990
497747521 126519030
681419557 762284229
894924556 519305366
333623169 237870146
476633322 636429487
15658057 647340165
124433268 233324464
302525747 712035149
248819143 816947441
28711633 267809039
413270447 42800091
87754063 706942404
535320410 857635262
112450817 135763785
386647394 981867309
162483431 194887790
361297156 541537788
590780695 701883585
188697168 446427516
571889125 820019087
829484414 60952811
994105631 204579847
876238890 374479356
912389045 77769030
441283546 96024336
27585817 930219322
456928438 215411665
172125019 624891658
799478434 293517320
330708435 955079961
110161719 161734118
81617943 517529761
499497614 796649166
766418061 80918244
878896977 176589264
489813132 932232297
266588440 905977261
199449937 233817529
517488356 750535982
978772482 38107480
511877793 346065942
141195470 645758563
541849555 300149026
720944170 808605108
449673257 233515967
596665587 980677629
377839311 309537249
126017014 535138177
211487742 528910195
891064111 889984968
663604998 7221547
481825186 155453341
534180896 658934125
250634305 537621154
975103292 98264963
974231123 531159705
800145210 184420014
728645105 568232721
380418458 322381509
361541149 460485531
684755777 565955854
286683397 252686592
591852647 304607491
759830332 399031030
661749980 667320602
873714773 612692809
472738788 331478413
293341497 760141342
492053094 358445348
483580572 313375446
568930103 435444235
129804121 761244391
7685799 68742116
494733901 410652576
57361435 703231565
143616745 837498964
912514289 886699016
322022001 600229042
847577866 297396170
66832493 934703705
876502429 550533405
710685159 748667247
448335727 442937445
985026346 396983868
749519521 930643936
299071395 916199777
