52
678803847 945810836
627325678 874925452
775867604 922336861
243252667 975855063
801823600 114010277
507900494 470193341
294095946 501322251
328603611 900187672
929095732 377201269
517734744 130043768
63159621 717981488
564179322 534632093
151515764 697710919
697054502 631427210
586703679 184873336
744461628 208211303
41785035 127096689
260608717 506217372
383467391 88265234
393815885 22664106
36182528 140812567
41530039 827311541
93486036 59246140
833305491 313629913
121687140 647084473
486252547 831421588
150853445 544267276
472137852 458776501
277348236 647557833
58090723 122668720
831472197 889172080
635874884 664902000
769712421 571572881
65404601 966589752
246693581 510422641
188279483 165656189
169613068 853503827
515577623 111226752
766614536 940028538
999844803 87923163
122010953 114391885
154039590 417837927
736906308 88231378
96062396 865830821
909335608 415849214
818152260 684803624
18542809 183075181
542344093 327357914
518090189 810097452
659615481 352647831
485087780 262750974
206758254 868036258
