26
710648003 678746196
868458381 627778202
400143350 465573871
221029366 762176651
788610072 882596067
692427174 660206628
477157832 807201503
342710520 271720446
177986389 366822501
537282560 657264680
589711054 556932479
62694530 599840964
280422369 488888999
344667608 268111030
454367304 216631925
192888445 911919831
104451822 291552321
33239245 725385616
886481785 762905138
110045132 702312362
64837300 230776071
55356782 834544615
873588661 493339625
138434404 315364733
791075954 39722966
134943049 708156180
